256,1
257,2
258,3,4,5,6
259,7
260,8
261,9
262,10,11,12,13
263,14,15,16,17,18,19,20,21,22
264,24,25,26,28,30,31,32
265,34,37,38,39,40,44,50,51,55,56,58,64,69
266,71,72,73
267,75,76,77,78,81,82,83
268,85
269,86
270,87,89,90
271,91,92,93,94,95,96,97,98,99,100,101,102,103,104,105,106,107,108,109,110,111,112,113
272,114,115,116,117,118,119,120,121,122,123,124,125,127,128,129,130,131,132,133,134,135,136
273,137,139,141,142,143,144,145,146,147,148,149,150,151,152,153,154,155,156,157,158,161,164,165,166,168,169,170,171,172,173,174,175,178,179,180,182,183,184,185,187,188,190,193,194,196,197
274,199,200,202,203,204,205,206,207,208,209,210,212
275,213,214,215,216,217,218,219,220,221,222,223,224,225,226,227,228
276,229
277,230
278,231,233
279,235,242,243,245,248,250,254,257
280,258,278
281,281,297,300,308,319,342
282,343,344,346,349,350,353,354,356
283,357,359,360,365,368,370,371,372
284,373
285,374
286,375,376,377,378
287,379,381,382,383,384,393,394,395,397,398,400
288,402,403,404,405,406,407,408,409,410,414,415,417,418,419,420,421,422,423
289,425,433,434,449,462,468
290,487,495,497
291,501,506,507,509,514
292,517
293,518
294,519,520,522
295,523,524,525,526,527,528,529,530,531,532,535,537,538,539,540,541,542,543,544,545
296,546,547,548,550,551,565
297,569,572,573,575,576,577,597,599,605,607,608,611,614,615,616,620,624,629
298,631,635,636,638,641,644
299,645,646,650,653,656,658,659
300,661
301,662
302,663,665
303,667,671,674,677,682
304,690,692,694,697,711
305,713,714,715,716,717,718,719,720,721,722,723,724,726,727,728,729,730,733,735,736,740,742,743,744,746,747,749,750,752,755,756,757,758,762,763,764,768,769,770,771,772,773,774
306,775,784,787
307,789,790,791,793,796,798,799,800,802,803,804
308,805
309,806
310,807,808,809
311,811,812,813,815,820,824,830,831,833
312,834,846,852
313,857,858,859,860,861,862,863,864,865,866,870,871,872,873,874,875,876,877,878,879,880,882,883,884,885,886,887,888,889,890,892,893,894,895,896,897,899,900,901,902,903,904,905,906,907,908,909,910,911,913,914,915,916
314,919,927,932
315,933,935,937,938,941,942,943,944,945,946,948
316,949
317,950
318,951,954
319,955,957,961,964,965,967
320,978,984,988,994
321,1001,1003,1004,1006,1007,1009,1010,1013,1014,1015,1017,1018,1019,1021,1027,1029,1030,1031,1036,1037,1038,1041,1048,1049,1050,1051,1053,1057,1059,1060,1062
322,1063,1071,1072
323,1077,1078,1079,1080,1082,1087,1088,1091
324,1093
325,1094
326,1095,1096,1098
327,1099,1102,1103,1104,1105,1110,1112,1113,1114,1115,1118,1119,1120
328,1122,1125,1127,1128,1130,1132,1133,1134,1138,1139,1141,1142,1143,1144
329,1145,1149,1151,1158,1163,1168,1175,1180,1183,1184,1201,1205,1206
330,1207,1210,1212,1213,1217,1219
331,1221,1222,1224,1226,1229,1230,1231,1235
332,1237
333,1238
334,1239,1240,1241,1242
335,1243,1246,1247,1249,1251,1256,1258,1259,1260,1261,1262,1263,1264,1265
336,1266,1267,1268,1269,1270,1271,1272,1274,1275,1276,1277,1278,1279,1280,1282,1283,1284,1285,1286,1287,1288
337,1289,1290,1291,1292,1293,1295,1297,1298,1299,1302,1303,1305,1306,1307,1308,1309,1310,1312,1313,1314,1315,1317,1318,1321,1322,1323,1324,1325,1326,1327,1328,1329,1330,1331,1332,1333,1334,1335,1336,1339,1340,1341,1342,1343,1345,1346,1347,1348,1349,1350
338,1351,1352,1353,1355,1356,1357,1358,1359,1361,1362,1363,1364
339,1365,1367,1371,1380
340,1381
341,1382
342,1383,1384,1385,1386
343,1387,1389,1391,1394,1397,1398,1401,1402,1406,1409
344,1410,1411,1412,1413,1415,1418,1419,1421,1422,1424,1427,1430,1431,1432
345,1433,1434,1436,1439,1440,1445,1449,1453,1454,1459,1462,1463,1474,1478,1480,1483,1486
346,1495,1497,1498,1503,1508
347,1509,1510,1515,1516,1520,1522
348,1525
349,1526
350,1527,1530
351,1531,1533,1536,1537,1538,1543,1544,1545,1546,1548,1551,1552,1553
352,1554,1556,1559,1563,1565,1571,1573,1574
353,1577,1579,1580,1581,1585,1586,1589,1592,1595,1596,1599,1600,1601,1602,1604,1607,1611,1612,1615,1618,1619,1620,1621,1624,1626,1627,1628,1630
354,1639,1640,1643,1644,1645,1646,1647,1648,1649,1650,1652
355,1653,1654,1655,1656,1658,1662,1663,1664
356,1669
357,1670
358,1671,1673,1674
359,1675,1676,1677,1678,1681,1682,1684,1685,1686,1688,1689,1690,1691,1692,1693,1694,1695,1697
360,1698,1699,1700,1701,1702,1703,1704,1705,1706,1707,1708,1709,1710,1711,1712,1713,1714,1716,1717,1718,1719,1720
361,1721,1724,1726,1730,1734,1736,1750,1752,1757,1761,1765,1769,1773,1777
362,1783,1784,1786,1787,1788,1789,1791
363,1797,1798,1800,1801,1802,1804,1809,1810,1812
364,1813
365,1814
366,1815,1816,1817,1818
367,1819,1823,1829,1834,1836,1838
368,1842,1847,1851,1854,1861,1862
369,1865,1866,1867,1868,1869,1870,1871,1874,1875,1876,1877,1878,1879,1880,1881,1882,1883,1884,1885,1886,1887,1888,1889,1890,1891,1892,1893,1895,1897,1900,1902,1903,1904,1905,1907,1909,1910,1911,1912,1914,1915,1917,1918,1919,1921,1922,1923,1924,1925,1926
370,1927,1935,1937,1939
371,1941,1942,1948
372,1957
373,1958
374,1959,1960,1961
375,1963,1965,1966,1967,1970,1971,1973,1975,1976,1977,1978,1979,1982,1983,1984,1985
376,1986,1987,1989,1990,1991,1992,1993,1996,1998,1999,2000,2001,2002,2003,2004
377,2009,2040,2065,2068
378,2071,2072,2073,2074,2075,2076,2082,2083
379,2085,2086,2087,2088,2090,2091,2092,2093,2094,2095,2096,2097,2099
380,2101
381,2102
382,2103,2104,2105,2106
383,2107,2108,2110,2111,2112,2113,2114,2115,2116,2117,2118,2119,2120,2121,2122,2123,2124,2125,2126,2127,2128,2129
384,2130,2131,2134,2140,2141,2144,2145,2152
385,2153,2155,2156,2159,2163,2171,2184,2186,2188,2196,2200,2210,2214
386,2215,2216,2217,2218,2219,2220,2221,2222,2223,2224,2225,2226,2227,2228
387,2229,2230,2232,2233,2234,2235,2237,2239
388,2245
389,2246
390,2247,2248,2249,2250
391,2251,2254,2255,2257,2258,2261,2263,2266,2267,2268,2270,2272,2273
392,2274,2275,2276,2277,2281,2284,2285,2287,2288,2289,2290,2291,2292,2293,2295,2296
393,2297,2299,2302,2304,2308,2310,2311,2313,2315,2316,2317,2319,2321,2324,2328,2335,2337,2339,2340,2344,2345,2348,2349,2350,2351,2352,2353,2354
394,2359,2360,2363,2366,2367,2368,2369,2370,2371,2372
395,2373,2374,2375,2376,2378,2379,2382,2383,2384,2385,2387
396,2389
397,2390
398,2391,2392
399,2395,2396,2397,2398,2399,2400,2401,2402,2403,2404,2405,2406,2408,2409,2410,2411,2412,2414,2415,2416,2417
400,2418,2421,2424
401,2441,2442,2443,2445,2446,2450,2451,2453,2454,2455,2457,2458,2459,2461,2463,2464,2465,2467,2468,2470,2471,2473,2474,2475,2477,2479,2480,2481,2482,2483,2484,2485,2486,2488,2489,2497,2499,2501,2502
402,2503,2504,2505,2506,2507,2508,2509,2510,2511,2512,2513,2514,2515,2516
403,2517,2518,2520,2521,2522,2523,2524,2525,2526,2527,2528,2529,2530
404,2533
405,2534
406,2535,2537,2538
407,2539,2540,2541,2542,2543,2546,2547,2548,2554,2555,2556,2558
408,2562,2564,2565,2566,2568,2570,2571,2572,2573,2574,2575,2577,2578,2579,2580,2581,2582,2583,2584
409,2585,2586,2587,2588,2589,2590,2591,2592,2593,2594,2595,2596,2598,2599,2600,2601,2602,2603,2604,2605,2606,2607,2608,2609,2610,2611,2613,2614,2615,2616,2617,2618,2620,2621,2622,2623,2624,2625,2626,2628,2629,2630,2631,2632,2633,2634,2635,2636,2637,2638,2639,2640,2641,2642,2643,2644,2645,2646
410,2647,2651,2653,2654,2659
411,2661,2662,2663,2668,2675,2676
412,2677
413,2678
414,2679,2680,2681,2682
415,2683,2685,2686,2687,2688,2689,2690,2693,2695,2696,2697,2698,2699,2700,2701,2704
416,2706,2707,2708,2710,2711,2712,2716,2717,2718,2719,2720,2723,2724,2725,2726
417,2729,2732,2733,2735,2736,2737,2738,2739,2740,2744,2746,2747,2748,2751,2752,2753,2754,2755,2756,2757,2758,2759,2760,2761,2762,2764,2765,2767,2769,2770,2772,2773,2774,2775,2777,2778,2779,2781,2782,2784,2785,2786,2787,2788,2789,2790
418,2791,2793,2794,2795,2796,2797,2798,2799,2800,2801,2802,2803,2804
419,2805,2807,2808,2810,2811,2813,2818,2819
420,2821
421,2822
422,2823,2826
423,2827,2835,2836,2839,2841,2844,2848
424,2850,2851,2855,2858,2867,2868,2869
425,2873,2878,2889,2899,2909,2918,2922,2924
426,2935,2937,2938,2939,2940,2941,2942,2943,2944,2945,2946,2948
427,2949,2950,2951,2952,2953,2955,2956,2958,2959,2960,2961,2962,2963,2964
428,2965
429,2966
430,2967,2968
431,2971,2975,2984,2986,2987
432,2994,2999,3000,3001,3004,3005,3007,3008,3009,3012,3013,3015,3016
433,3017,3019,3021,3026,3028,3033,3036,3041,3049,3053,3056,3062,3069,3070,3077,3078
434,3079,3082,3088
435,3093,3095,3096,3097,3098,3100,3101,3103,3104,3105,3106,3107,3108
436,3109
437,3110
438,3111,3112,3113
439,3115,3119,3124,3128,3133
440,3138,3139,3140,3141,3142,3143,3144,3145,3146,3147,3148,3149,3150,3151,3152,3153,3154,3155,3156,3157,3158,3159,3160
441,3161,3162,3163,3164,3165,3167,3168,3171,3172,3173,3176,3177,3179,3180,3181,3182,3185,3186,3187,3189,3192,3195,3198,3199,3200,3201,3204,3205,3206,3209,3210,3212,3213,3214,3216,3218,3221,3222
442,3223,3224,3225,3226,3228,3229,3230,3231,3232,3233,3234,3235
443,3237,3238,3248,3250
444,3253
445,3254
446,3255,3256,3257
447,3259,3263,3278
448,3282,3290,3297,3301
449,3305,3313,3314,3338,3345,3347,3365,3366
450,3367,3368,3369,3370,3371,3372,3373,3374,3375,3378,3380
451,3381,3388,3389,3391,3392,3393
452,3397
453,3398
454,3399,3401,3402
455,3403,3405,3407,3408,3409,3411,3414,3415,3416,3417,3419,3420,3421,3422,3423,3425
456,3426,3427,3428,3431,3432,3434,3436,3437,3438,3443,3445,3446,3447
457,3449,3454,3457,3464,3466,3468,3471,3474,3477,3479,3481,3482,3484,3489,3491,3493,3499,3503,3504,3507,3509
458,3511,3512,3513,3514,3515,3516,3517,3518,3519,3520,3521,3522,3523,3524
459,3525,3527,3529,3530,3531,3537,3539
460,3541
461,3542
462,3543,3544,3545,3546
463,3547,3549,3550,3551,3552,3553,3554,3555,3556,3558,3559,3560,3561,3562,3564,3565,3566,3567,3568,3569
464,3570,3574,3576,3577,3579,3585,3586,3588
465,3593,3595,3596,3601,3602,3603,3607,3610,3611,3612,3615,3616,3619,3620,3622,3623,3625,3626,3631,3632,3633,3634,3636,3637,3638,3639,3641,3642,3645,3646,3648,3649,3650,3651,3652,3653,3654
466,3655,3656,3657,3658,3659,3660,3661,3662,3663,3664,3666,3667,3668
467,3669,3670,3671,3672,3673,3674,3675,3676,3677,3678,3679,3680,3681,3682,3683,3684
468,3685
469,3686
470,3687,3688,3689,3690
471,3691,3692,3708,3709,3710,3712
472,3714,3715,3716,3718,3720,3723,3724,3726,3727,3732,3733,3734,3735,3736
473,3737,3739,3740,3742,3743,3744,3745,3746,3748,3750,3751,3755,3757,3760,3761,3762,3767,3769,3770,3771,3772,3773,3775,3776,3780,3782,3783,3785,3786,3788,3790,3791,3797
474,3799,3800,3804,3806,3807,3812
475,3813,3828
476,3829
477,3830
478,3831,3832,3833,3834
479,3835,3839,3845,3856
480,3858,3861,3862,3865,3868,3873,3880
481,3881,3882,3883,3884,3885,3886,3887,3888,3889,3890,3891,3892,3893,3895,3896,3897,3899,3902,3903,3904,3905,3906,3907,3908,3909,3910,3911,3912,3915,3916,3917,3918,3921,3922,3925,3926,3927,3928,3929,3931,3933,3935,3936,3937,3938,3939,3941,3942
482,3943,3945,3947,3951,3954,3955,3956
483,3957,3958,3961,3962,3963,3964,3965,3966,3969,3970,3971
484,3973
485,3974
486,3975,3977
487,3979,3980,3982,3984,3985,3987,3988,3990,3991,3992,3993,3996,3998,3999,4001
488,4002,4003,4004,4005,4006,4007,4008,4010,4011,4013,4014,4015,4016,4017,4020,4021,4022,4023,4024
489,4025,4026,4028,4031,4034,4035,4036,4037,4039,4040,4041,4042,4044,4048,4049,4050,4051,4055,4056,4058,4060,4065,4066,4067,4068,4069,4070,4071,4072,4073,4076,4079,4080,4081,4082,4084,4085
490,4087,4089,4092,4094,4095,4096,4097,4098,4099,4100
491,4101,4102,4107,4110
492,4117
493,4118
494,4119,4120,4121,4122
495,4123,4124,4125,4126,4127,4128,4129,4130,4131,4132,4133,4134,4135,4136,4137,4138,4139,4140,4141,4144,4145
496,4146,4148,4150,4151,4152,4153,4158,4159,4162,4167,4168
497,4169,4176,4178,4184,4185,4189,4191,4192,4193,4195,4198,4202,4206,4216,4218,4219,4222,4228,4230
498,4231,4232,4233,4234,4235,4236,4237,4238,4239,4240,4241,4242,4243,4244
499,4245,4249,4251,4252,4253,4254,4255,4256,4257,4258,4259
500,4261
501,4262
502,4263,4264,4265,4266
503,4267,4269,4278,4280,4283
504,4290,4291,4292,4295,4296,4300,4301,4303,4307,4309,4310,4312
505,4313,4318,4319,4322,4324,4325,4329,4330,4334,4336,4337,4338,4339,4340,4342,4345,4348,4351,4356,4357,4359,4361,4362,4364,4371
506,4375,4379,4380,4381,4382,4383,4384,4385,4386,4388
507,4389,4399
508,4405
509,4406
510,4407
511,4411,4427
512,4434,4435,4438,4441,4442,4445,4451,4452,4455
513,4457,4458,4459,4460,4461,4462,4463,4464,4465,4466,4467,4468,4469,4470,4471,4472,4474,4476,4477,4478,4479,4480,4481,4482,4483,4484,4486,4489,4490,4491,4492,4493,4494,4495,4496,4497,4498,4499,4500,4501,4503,4504,4505,4506,4507,4508,4509,4510,4511,4512,4513,4514,4515,4516,4517,4518
514,4519,4520,4521,4522,4523,4524,4525,4526,4527,4528,4529,4530,4531,4532
515,4533,4536,4539,4543,4545,4546,4548
516,4549
517,4550
518,4551,4552,4554
519,4555,4559,4560,4567,4575
520,4578,4580,4581,4582,4584,4586,4588,4591,4593,4595,4596,4597,4598,4599
521,4601,4616
522,4663,4665
523,4677,4678,4679,4680,4681,4682,4683,4684,4685,4686,4687,4688,4689,4690,4691
524,4693
525,4694
526,4695,4696,4697
527,4699,4700,4701,4702,4703,4704,4705,4706,4707,4708,4709,4710,4713,4714,4715,4716,4717,4718,4719,4720,4721
528,4722,4723,4725,4726,4727,4730,4732,4736,4738,4742,4744
529,4745,4752,4764,4768,4771,4777,4779,4780,4784,4785,4787,4798,4800,4804
530,4807,4815,4819
531,4821,4822,4823,4824,4825,4826,4827,4828,4829,4830,4831,4832,4833,4834,4835,4836
532,4837
533,4838
534,4839,4840,4841,4842
535,4843,4844,4845,4846,4847,4850,4851,4852,4855,4857,4860,4861,4862,4863,4864,4865
536,4866,4869,4874,4881,4886
537,4889,4892,4895,4896,4897,4898,4899,4901,4902,4904,4905,4906,4907,4909,4910,4911,4913,4916,4917,4919,4922,4923,4926,4927,4932,4938,4940,4942,4944,4945,4946,4947
538,4951,4955,4956,4959,4960
539,4965,4966,4969,4970,4971,4972,4973,4974,4979
540,4981
541,4982
542,4983,4984
543,4987,4988,4989,4991,4992,4994,4996,4997,4998,4999,5000,5001,5002,5005,5006,5007,5008,5009
544,5010,5011,5012,5013,5014,5015,5016,5017,5018,5019,5021,5022,5023,5024,5025,5026,5027,5028,5029,5030,5031,5032
545,5033,5036,5038,5039,5040,5042,5044,5045,5048,5050,5052,5053,5055,5056,5057,5058,5060,5061,5062,5065,5069,5070,5075,5076,5077,5078,5080,5081,5082,5083,5084,5085,5086,5087,5088,5089,5090,5092,5094
546,5095,5098,5099,5102,5103,5104,5105,5107,5108
547,5109,5110,5116,5117,5118,5123,5124
548,5125
549,5126
550,5127
551,5131,5137,5140,5144,5146,5149,5150,5151,5152
552,5154,5155,5156,5157,5159,5160,5162,5163,5164,5165,5166,5167,5168,5169,5171,5172,5173,5174,5175,5176
553,5177,5178,5179,5180,5181,5182,5184,5185,5186,5187,5188,5189,5190,5191,5192,5193,5194,5195,5196,5197,5198,5199,5202,5203,5204,5205,5207,5209,5210,5211,5212,5213,5214,5215,5216,5217,5218,5219,5220,5221,5224,5225,5226,5227,5229,5230,5231,5232,5233,5234,5235,5236,5237,5238
554,5239,5244,5245,5246,5247,5249,5250,5252
555,5253,5261,5265,5266
556,5269
557,5270
558,5271,5273
559,5275,5277,5278,5279,5280,5283,5284,5285,5286,5287,5288,5289,5290,5291,5292,5293,5294,5295,5296,5297
560,5298,5299,5300,5303,5311,5318
561,5321,5322,5323,5324,5325,5326,5327,5328,5329,5330,5331,5332,5334,5335,5337,5338,5340,5341,5342,5343,5345,5346,5347,5348,5349,5350,5351,5352,5353,5354,5355,5356,5357,5358,5359,5360,5361,5362,5363,5364,5365,5366,5367,5368,5369,5370,5372,5373,5374,5375,5376,5377,5378,5379,5380,5381,5382
562,5383,5388,5391,5392,5394
563,5397,5399,5401,5402,5403,5404,5405,5406,5407,5408,5409,5410,5411
564,5413
565,5414
566,5415,5416,5417,5418
567,5419,5423,5424,5425,5429,5430,5432,5435,5436,5437,5439,5440,5441
568,5442,5446,5449,5450,5451,5452,5453,5454,5455,5457,5458,5459
569,5465,5467,5468,5469,5470,5471,5472,5474,5475,5476,5477,5478,5479,5480,5481,5483,5484,5486,5487,5488,5489,5490,5491,5492,5493,5494,5495,5496,5497,5499,5500,5501,5502,5503,5504,5506,5507,5508,5509,5511,5512,5514,5517,5518,5519,5520,5521,5522,5523,5524,5525,5526
570,5527,5532,5538,5540
571,5541,5543,5544,5545,5546,5548,5549,5550,5551,5553,5554,5555,5556
572,5557
573,5558
574,5559,5560,5561,5562
575,5563,5564,5566,5568,5572,5573,5576,5579
576,5586,5588,5590,5591,5595,5596,5598,5599,5600,5603,5604,5605,5606,5608
577,5609,5610,5611,5612,5614,5615,5616,5617,5618,5619,5620,5621,5622,5624,5625,5626,5627,5628,5629,5630,5631,5632,5633,5634,5635,5636,5637,5638,5639,5640,5641,5642,5643,5644,5645,5646,5647,5648,5649,5650,5651,5652,5653,5654,5655,5656,5657,5658,5659,5660,5661,5662,5664,5665,5666,5667,5668,5669,5670
578,5671,5672,5673,5674,5675,5676,5678,5679,5680,5681,5682,5683,5684
579,5685,5686,5687,5690,5695,5696,5699,5700
580,5701
581,5702
582,5703,5706
583,5707,5708,5713,5714,5715,5716,5720,5724,5725,5726,5727
584,5730,5732,5734,5735,5736,5740,5743,5744,5745,5746,5747,5750
585,5753,5756,5765,5771,5773,5774,5777,5800,5804,5812,5813
586,5815,5816,5817,5818,5819,5820,5821,5822,5823,5825,5827,5828
587,5829,5840
588,5845
589,5846
590,5847,5848,5850
591,5851,5852,5853,5856,5857,5858,5859,5861,5863,5864,5865,5866,5868,5869,5870,5872,5873
592,5874,5875,5876,5877,5878,5879,5880,5881,5882,5883,5885,5886,5887,5888,5889,5890,5891,5892,5893,5894,5896
593,5897,5917,5924,5927,5930
594,5959,5960,5961,5962,5963,5964,5965,5966,5967,5968,5969,5970,5972
595,5973,5974,5975,5976,5977,5978,5979,5980,5981,5982,5983,5984,5985,5986,5987,5988
596,5989
597,5990
598,5991,5992,5993,5994
599,5995,5996,5997,5998,5999,6000,6001,6002,6003,6004,6005,6006,6007,6008,6009,6010,6011,6012,6013,6014,6015,6016,6017
600,6018,6019,6021,6023,6024,6028,6029,6033,6035
601,6041,6043,6049,6050,6054,6056,6059,6061,6065,6070,6084,6095,6096
602,6103,6104,6106,6108,6109,6114,6115,6116
603,6117,6119,6121,6122,6125,6132
604,6133
605,6134
606,6135,6136,6137,6138
607,6139,6140,6142,6145,6146,6148,6149,6151,6152,6154,6155,6156,6157,6158,6160,6161
608,6162,6164,6170,6182,6184
609,6185,6187,6188,6193,6196,6197,6198,6199,6200,6201,6202,6203,6205,6206,6211,6213,6215,6220,6221,6224,6225,6226,6227,6231,6234,6235,6236,6238,6242,6245,6246
610,6247,6248,6249,6250,6251,6252,6253,6254,6255,6256,6257,6259,6260
611,6261,6263,6264,6265,6267,6268,6271,6273,6275,6276
612,6277
613,6278
614,6279,6281,6282
615,6283,6285,6286,6287,6288,6289,6293,6295,6298,6302
616,6306,6307,6308,6309,6310,6311,6312,6313,6314,6316,6317,6318,6319,6320,6321,6322,6323,6324,6325,6327,6328
617,6329,6330,6331,6332,6333,6334,6335,6337,6338,6339,6343,6344,6345,6346,6347,6349,6350,6351,6352,6354,6355,6356,6357,6358,6359,6361,6362,6364,6365,6366,6367,6368,6369,6370,6371,6372,6373,6374,6375,6376,6377,6379,6380,6381,6382,6385,6386,6387,6388,6389,6390
618,6391,6399
619,6405,6406,6407,6409,6410,6411,6412,6413,6414,6415,6418,6419
620,6421
621,6422
622,6423,6425
623,6427,6429,6438,6445,6448
624,6450,6452,6455,6458,6466,6468,6472
625,6473,6476,6484,6485,6505,6511,6514,6525,6530
626,6535,6537,6545,6548
627,6549,6550,6551,6552,6553,6554,6556,6557,6558,6559,6560,6561,6563
628,6565
629,6566
630,6567,6569,6570
631,6571,6572,6573,6576,6577,6578,6580,6582,6583,6584,6585,6586,6587,6588,6589,6590,6592,6593
632,6594,6595,6596,6597,6599,6600,6601,6606,6607,6609,6610,6611,6613,6614,6616
633,6617,6618,6619,6620,6621,6622,6624,6626,6627,6628,6629,6630,6631,6632,6633,6634,6635,6637,6638,6640,6641,6642,6643,6644,6645,6646,6647,6649,6652,6653,6655,6656,6657,6658,6659,6661,6662,6663,6665,6666,6667,6668,6671,6673,6674,6676,6677,6678
634,6679,6689,6690
635,6693,6694,6697,6700,6702,6704,6706,6707,6708
636,6709
637,6710
638,6711,6712,6713,6714
639,6715,6723
640,6738,6740,6744,6748,6751,6752,6753,6754
641,6761,6762,6765,6766,6767,6768,6770,6773,6775,6782,6783,6785,6788,6789,6790,6791,6792,6793,6795,6797,6799,6800,6801,6804,6805,6806,6809,6811,6812,6813,6817,6821,6822
642,6823,6826,6827,6829,6832,6835,6836
643,6837,6838,6839,6840,6841,6842,6843,6844,6847,6848,6849,6850,6851,6852
644,6853
645,6854
646,6855,6856,6857,6858
647,6859,6860,6861,6862,6863,6864,6865,6868,6869,6870,6871,6873,6874,6875,6876,6877,6878,6879,6880,6881
648,6882,6884,6887,6890,6891,6898
649,6905,6906,6908,6909,6910,6911,6913,6914,6915,6916,6917,6918,6919,6921,6922,6923,6924,6925,6926,6927,6928,6929,6930,6931,6932,6933,6937,6938,6939,6940,6941,6943,6944,6945,6948,6949,6951,6952,6953,6954,6956,6958,6959,6960,6962,6964,6965,6966
650,6967,6977,6980
651,6981,6990,6996
652,6997
653,6998
654,6999,7002
655,7003,7004,7005
656,7026,7032,7041,7042,7044,7047
657,7049,7051,7052,7054,7055,7060,7061,7063,7064,7065,7069,7072,7075,7081,7084,7087,7088,7089,7096,7097,7098,7099,7101,7109,7110
658,7111,7112,7114,7115,7116,7117,7121,7122,7123,7124
659,7125,7126,7127,7128,7129,7130,7131,7132,7133,7134,7135,7136,7137,7138,7139,7140
660,7141
661,7142
662,7143,7145,7146
663,7147,7148,7149,7151,7152,7153,7155,7156,7157,7158,7160,7161,7162,7163,7165,7166,7167,7168,7169
664,7170,7171,7176,7177,7179,7182,7183,7184,7186,7188,7189,7190
665,7193,7196,7197,7198,7200,7201,7202,7203,7204,7206,7208,7209,7210,7212,7213,7216,7217,7218,7220,7223,7226,7227,7228,7229,7230,7231,7232,7234,7235,7237,7240,7241,7242,7243,7244,7245,7246,7248,7250,7251,7253
666,7255,7258,7259,7260,7263,7264,7265,7268
667,7269,7270,7272,7273,7274,7275,7276,7277,7278,7279,7280,7281,7282,7283,7284
668,7285
669,7286
670,7287,7288,7290
671,7291,7309
672,7314,7315,7320,7323,7324,7326,7330,7333
673,7337,7340,7343,7344,7345,7346,7347,7348,7351,7352,7353,7354,7356,7357,7358,7359,7360,7361,7362,7363,7364,7365,7366,7367,7368,7369,7370,7371,7372,7373,7375,7376,7377,7378,7379,7380,7381,7382,7383,7384,7385,7386,7387,7390,7391,7393,7394,7395,7397,7398
674,7399,7400,7402,7403,7408,7409,7410,7411,7412
675,7413,7414,7415,7416,7417,7418,7420,7421,7422,7423,7424,7425,7426,7427
676,7429
677,7430
678,7431,7432,7433,7434
679,7435,7437,7438,7439,7443,7444,7445,7446,7447,7448,7449,7451,7453,7454,7455,7456,7457
680,7458,7459,7462,7465,7469,7470,7471,7474,7475,7478,7479
681,7481,7482,7483,7484,7485,7487,7490,7498,7499,7515,7518,7525,7528,7530,7531,7539
682,7543,7544,7545,7546,7547,7548,7549,7550,7551,7552,7553,7554,7555
683,7557,7558,7559,7560,7561,7562,7563,7564,7565,7566,7567,7568,7570,7571,7572
684,7573
685,7574
686,7575,7576,7577,7578
687,7579,7580,7581,7582,7583,7584,7585,7586,7588,7589,7591,7592,7594,7595,7597,7598,7600
688,7602,7603,7605,7606,7607,7608,7609,7610,7611,7612,7613,7615,7618,7619,7621,7622,7623
689,7625,7627,7629,7630,7631,7632,7633,7634,7635,7636,7638,7639,7640,7641,7642,7643,7644,7646,7648,7649,7650,7651,7652,7653,7654,7655,7656,7657,7658,7659,7660,7662,7663,7664,7665,7666,7667,7668,7669,7671,7672,7673,7674,7675,7676,7677,7678,7679,7680,7681,7682,7683,7685,7686
690,7687,7695,7697,7698
691,7701,7704,7705,7706,7707,7709,7710,7712,7714,7715,7716
692,7717
693,7718
694,7719,7720,7721
695,7723,7725,7728,7729,7732,7733,7734,7735,7741,7743,7744
696,7746,7747,7752,7756,7760,7761,7762,7765,7767
697,7769,7771,7772,7773,7774,7776,7778,7781,7783,7788,7790,7793,7794,7796,7797,7798,7799,7800,7802,7803,7804,7805,7806,7808,7809,7810,7813,7814,7815,7817,7821,7822,7824,7827,7828
698,7831,7841,7843,7844
699,7845,7846,7847,7848,7849,7851,7852,7853,7854,7855,7856,7857,7858,7860
700,7861
701,7862
702,7863,7865,7866
703,7867,7868,7869,7871,7872,7873,7875,7879,7880,7881,7883,7885
704,7890,7891,7903,7906,7912
705,7913,7914,7917,7920,7923,7924,7926,7927,7929,7930,7935,7936,7939,7940,7941,7944,7950,7960,7964,7970,7973,7974
706,7975,7977,7980,7981,7983,7984,7986,7987
707,7989,7991,7993,7994,7995,7997,7998,8000,8003
708,8005
709,8006
710,8007,8009
711,8011,8012,8017,8020,8021,8022,8025,8026,8028,8031
712,8034,8035,8036,8037,8038,8039,8040,8041,8042,8043,8044,8045,8046,8047,8048,8049,8050,8051,8052,8053,8054,8055,8056
713,8057,8058,8059,8060,8061,8062,8063,8064,8065,8066,8067,8068,8069,8070,8071,8072,8073,8074,8075,8076,8077,8078,8079,8080,8081,8082,8083,8084,8085,8086,8087,8088,8089,8090,8091,8092,8093,8094,8095,8096,8097,8098,8099,8100,8101,8102,8103,8104,8105,8106,8107,8108,8109,8110,8111,8112,8113,8114,8115,8116,8117,8118
714,8119,8120,8121,8122,8123,8124,8125,8126,8127,8128,8129,8130,8131,8132
715,8133,8134,8135,8136,8137,8138,8139,8140,8141,8143,8144,8146,8147
716,8149
717,8150
718,8151,8152
719,8155,8159,8163,8164,8166,8170,8171,8174,8175,8177
720,8178,8181,8182,8186,8191,8192,8193,8195,8196,8198,8199
721,8201,8202,8203,8204,8205,8206,8207,8208,8209,8210,8211,8212,8214,8215,8216,8217,8218,8219,8220,8221,8222,8223,8224,8225,8226,8227,8228,8229,8230,8231,8232,8233,8234,8235,8236,8237,8238,8239,8240,8241,8242,8243,8244,8245,8246,8247,8248,8249,8250,8251,8252,8253,8254,8255,8256,8257,8258,8259,8260,8261,8262
722,8263,8265,8266,8267,8268,8269,8270,8271,8272,8273,8274,8275
723,8277,8289
724,8293
725,8294
726,8295
727,8299,8300,8301,8303,8304,8305,8307,8308,8309,8311,8312,8313,8314,8316,8317,8318,8320,8321
728,8322,8325,8327,8328,8329,8330,8332,8335,8341,8343
729,8345,8352,8355,8357,8358,8360,8378,8379,8392,8398
730,8407,8412,8415,8420
731,8421,8424,8429,8430,8432,8434
732,8437
733,8438
734,8439,8440,8442
735,8443,8444,8445,8448,8450,8457,8458
736,8466,8467,8468,8469,8470,8472,8473,8474,8477,8478,8479,8482,8483,8484,8485,8486,8487,8488
737,8489,8490,8491,8493,8494,8495,8496,8498,8499,8501,8503,8505,8506,8507,8508,8510,8511,8512,8514,8515,8516,8518,8520,8521,8523,8525,8526,8527,8528,8529,8530,8531,8532,8533,8534,8535,8536,8538,8539,8540,8542,8543,8545,8546,8547,8548
738,8551,8554,8555,8556,8561,8563
739,8565,8566,8567,8568,8569,8572,8573,8574,8575,8576,8578
740,8581
741,8582
742,8583,8586
743,8587,8592,8595,8599,8600,8601,8605
744,8610,8613,8617,8621,8622,8623,8627,8629,8631
745,8633,8644,8646,8673,8678,8687,8692,8693
746,8695,8696,8697,8698,8699,8700,8701,8702,8703,8704,8705,8706,8707,8708
747,8709,8711,8712,8713,8714,8715,8716,8717,8718,8720,8721,8722,8723,8724
748,8725
749,8726
750,8727
751,8731,8732,8734,8735,8736,8737,8738,8739,8740,8741,8742,8745,8746,8749,8750,8751,8752,8753
752,8754,8755,8756,8757,8758,8761,8762,8763,8764,8767,8768,8772,8773,8774
753,8777,8782,8788,8794,8797,8798,8807,8815,8819,8820,8822,8825,8826
754,8839,8840,8841,8843,8844,8845,8846,8847,8848,8849,8850,8852
755,8853,8854,8856,8858,8860,8865,8866,8867
756,8869
757,8870
758,8871,8872,8874
759,8875,8876,8877,8878,8879,8882,8883,8884,8885,8888,8889,8892,8893,8894,8895,8896,8897
760,8898,8899,8900,8901,8902,8906,8907,8908,8910,8911,8914,8915,8917,8918,8920
761,8921,8922,8923,8924,8925,8926,8927,8929,8930,8932,8933,8934,8936,8937,8938,8941,8942,8946,8949,8954,8955,8956,8957,8959,8961,8964,8967,8969,8970,8972,8975,8979,8981,8982
762,8983,8984,8989,8990,8993,8995
763,8997,8998,9000,9004,9009,9012
764,9013
765,9014
766,9015,9018
767,9019,9020,9023,9026,9034,9040
768,9042,9044,9045,9049,9053,9055,9056,9058,9061
769,9065,9066,9067,9068,9069,9070,9071,9072,9073,9074,9075,9076,9077,9078,9079,9080,9081,9082,9083,9084,9085,9086,9087,9088,9089,9090,9091,9092,9093,9094,9095,9096,9097,9098,9099,9100,9101,9102,9103,9104,9105,9106,9107,9108,9109,9110,9111,9112,9113,9114,9115,9116,9117,9118,9119,9120,9121,9122,9123,9124,9125,9126
770,9127,9128,9130,9131,9133,9136,9137,9138,9139,9140
771,9141,9143,9148,9151
772,9157
773,9158
774,9159,9162
775,9163,9164,9165,9166,9167,9168,9169,9170,9171,9172,9174,9175,9176,9177,9178,9179,9180,9181,9182,9183,9184,9185
776,9186,9188,9189,9192,9193,9195,9199,9201,9204,9208
777,9209,9210,9212,9213,9215,9216,9217,9218,9219,9220,9223,9224,9225,9227,9228,9230,9231,9232,9233,9234,9235,9236,9237,9239,9240,9241,9242,9243,9244,9246,9247,9249,9251,9253,9256,9257,9259,9261,9262,9263,9264,9265,9267,9270
778,9271,9272,9273,9274,9276,9277,9278,9279,9281,9282,9283,9284
779,9285,9287,9288,9289,9290,9291,9292,9293,9294,9295,9296,9297,9298,9299,9300
780,9301
781,9302
782,9303,9305,9306
783,9307,9313,9314,9317,9321
784,9330,9331,9332,9333,9334,9335,9336,9337,9338,9339,9340,9341,9342,9343,9346,9347,9350,9352
785,9353,9354,9355,9356,9357,9358,9360,9361,9362,9363,9364,9365,9366,9367,9368,9369,9370,9371,9372,9374,9375,9376,9378,9379,9380,9383,9384,9385,9386,9387,9388,9390,9391,9392,9394,9395,9397,9398,9399,9400,9402,9403,9404,9405,9406,9407,9408,9410,9411,9412,9413,9414
786,9415,9416,9417,9418,9419,9420,9421,9422,9423,9424,9425,9426,9427,9428
787,9429,9430,9431,9432,9433,9434,9435,9436,9437,9439,9440,9441,9442,9443,9444
788,9445
789,9446
790,9447,9450
791,9451,9454,9455,9459,9461,9462,9464,9466,9467,9468,9470,9471,9473
792,9474,9475,9476,9477,9479,9480,9481,9482,9484,9485,9486,9487,9488,9489,9491,9492,9493,9494,9495,9496
793,9497,9499,9501,9503,9504,9505,9506,9507,9514,9518,9520,9521,9522,9527,9528,9534,9535,9536,9541,9547
794,9559,9560,9567,9568,9569,9571
795,9573,9574,9576,9578,9579,9580,9581,9583,9584,9585,9586,9587
796,9589
797,9590
798,9591
799,9595,9602,9603,9604,9606,9607,9612,9613,9616
800,9618,9620,9621,9623,9624,9625,9626,9628,9629,9630,9631,9632,9633,9634,9637,9638,9639
801,9641,9642,9644,9645,9646,9647,9649,9650,9652,9653,9654,9656,9657,9659,9660,9661,9662,9663,9664,9665,9667,9668,9669,9670,9671,9672,9673,9674,9675,9676,9677,9678,9679,9680,9681,9682,9683,9684,9685,9686,9688,9690,9691,9692,9694,9695,9697,9699,9700,9701,9702
802,9703,9704,9705,9706,9707,9708,9709,9710,9711,9712,9713,9714,9716
803,9717,9719,9720,9721,9722,9723,9724,9725,9728,9729,9732
804,9733
805,9734
806,9735,9738
807,9739,9740,9741,9742,9743,9744,9745,9746,9747,9748,9749,9750,9751,9752,9753,9754,9755,9756,9757,9758,9759,9760,9761
808,9762,9763,9765,9768,9777,9778,9783
809,9785,9787,9788,9793,9799,9800,9804,9805,9810,9811,9812,9820,9822,9823,9824,9825,9826,9830,9832,9835,9838,9840,9843,9844,9845,9846
810,9847,9848,9849,9852,9854
811,9861,9865
812,9877
813,9878
814,9879,9880,9881,9882
815,9883,9884,9885,9886,9888,9889,9890,9891,9892,9894,9895,9896,9897,9898,9899,9901,9904,9905
816,9906,9908,9909,9910,9912,9913,9914,9915,9916,9917,9919,9920,9921,9922,9923,9925,9926,9928
817,9929,9930,9931,9933,9936,9939,9940,9942,9944,9945,9946,9947,9948,9953,9954,9955,9957,9958,9960,9961,9962,9963,9964,9965,9966,9968,9969,9970,9971,9972,9973,9974,9975,9976,9979,9980,9981,9982,9983,9986,9987,9989
818,9991,9992,9993,9994,9995,9996,9997,9998,9999,10000,10001,10002,10003,10004
819,10005,10006,10007,10008,10009,10011,10013,10014,10015,10016,10017,10018,10019,10020
820,10021
821,10022
822,10023,10024,10025,10026
823,10027,10029,10030,10031,10032,10033,10034,10035,10036,10038,10039,10040,10043,10045,10047,10048,10049
824,10050,10059,10061,10062,10065,10066,10071
825,10073,10074,10077,10082,10083,10090,10095,10098,10100,10106,10110,10113,10125,10130
826,10135,10136,10137,10138,10139,10140,10141,10142,10143,10144,10145,10146,10147,10148
827,10149,10150,10152,10155,10156,10157,10158,10159,10160,10161,10162,10163,10164
828,10165
829,10166
830,10167,10168,10169,10170
831,10171,10182,10183,10188
832,10194,10195,10197,10198,10199,10200,10201,10202,10203,10204,10205,10206,10207,10208,10209,10210,10211,10212,10213,10214,10215,10216
833,10217,10218,10220,10221,10222,10223,10224,10225,10226,10227,10228,10230,10231,10233,10234,10235,10236,10237,10238,10239,10240,10241,10242,10243,10244,10245,10246,10247,10248,10249,10251,10252,10253,10254,10255,10256,10257,10259,10260,10261,10262,10263,10264,10265,10266,10267,10268,10269,10270,10271,10272,10273,10274,10275,10276,10277,10278
834,10279,10281,10282,10283,10286,10287,10291
835,10293,10296,10301
836,10309
837,10310
838,10311,10312,10313,10314
839,10315,10317,10321,10330,10335
840,10338,10339,10340,10345,10347,10353,10356,10358,10359
841,10361,10362,10366,10367,10368,10371,10373,10374,10376,10377,10389,10390,10393,10394,10403,10404,10406,10408,10413,10420,10422
842,10423,10424,10425,10426,10427,10428,10429,10430,10431,10432,10433,10434,10435,10436
843,10437,10438,10439,10440,10441,10443,10452
844,10453
845,10454
846,10455,10456
847,10459,10473
848,10482,10483,10484,10485,10486,10487,10488,10489,10490,10492,10493,10494,10495,10497,10498,10499,10500,10501,10502,10503,10504
849,10505,10506,10508,10509,10511,10512,10513,10514,10516,10517,10518,10519,10520,10521,10522,10523,10524,10525,10527,10528,10529,10530,10531,10532,10533,10534,10535,10537,10539,10540,10541,10542,10543,10544,10547,10548,10549,10551,10552,10553,10554,10556,10557,10558,10559,10560,10561,10563,10564,10565,10566
850,10567,10575,10576,10579
851,10581,10586,10589,10593,10595
852,10597
853,10598
854,10599,10600,10601,10602
855,10603,10604,10605,10606,10607,10608,10609,10610,10611,10612,10613,10615,10616,10618,10619,10621,10622,10623,10624,10625
856,10626,10627
857,10649,10652,10654,10661,10665,10669,10670,10678,10684,10687,10689,10694,10695,10706,10709
858,10711,10720,10722,10723
859,10725,10726,10727,10728,10729,10731,10732,10733,10734,10735,10737,10738,10739,10740
860,10741
861,10742
862,10743,10744,10745
863,10747,10752,10766,10769
864,10770,10773,10779,10780,10781,10783,10785,10787,10788,10789,10791
865,10793,10795,10796,10797,10798,10799,10800,10801,10803,10804,10805,10806,10807,10808,10809,10810,10811,10812,10813,10814,10816,10817,10818,10819,10820,10821,10822,10823,10825,10827,10828,10829,10830,10831,10833,10834,10835,10836,10837,10838,10839,10840,10841,10842,10843,10844,10845,10846,10847,10848,10849,10850,10851,10852,10853,10854
866,10855,10860,10864,10866,10867,10868
867,10869,10870,10872,10873,10874,10875,10876,10877,10878,10879,10880,10881,10883,10884
868,10885
869,10886
870,10887,10888
871,10891,10909
872,10914,10916,10922,10924,10925,10927,10929,10930,10931,10933,10935
873,10937,10938,10939,10942,10943,10944,10945,10946,10947,10948,10949,10950,10951,10952,10953,10954,10955,10956,10957,10958,10959,10960,10961,10962,10963,10964,10965,10966,10967,10968,10969,10971,10972,10973,10974,10975,10976,10977,10978,10979,10980,10981,10982,10983,10984,10985,10986,10987,10988,10989,10990,10991,10992,10993,10994,10995,10996,10997,10998
874,10999,11000,11002,11004,11006,11007,11008,11009,11012
875,11013,11014,11018,11019,11022,11023
876,11029
877,11030
878,11031,11032,11033,11034
879,11035,11038,11039,11040,11041,11042,11043,11046,11049,11053,11055
880,11058,11064,11066,11068,11070,11071,11072,11074,11077,11078,11079
881,11081,11082,11086,11103,11104,11107,11108,11111,11112,11113,11116,11117,11120,11125,11127,11128,11129,11131,11132,11133,11134,11135,11137,11139
882,11143,11144,11145,11146,11147,11148,11149,11150,11151,11152,11153,11154,11156
883,11157,11159,11162,11163,11164,11165,11167,11168,11169,11171
884,11173
885,11174
886,11175,11176,11178
887,11179,11186
888,11202,11203,11206,11207,11210,11214,11216,11217,11218
889,11225,11226,11227,11228,11230,11231,11232,11235,11236,11238,11240,11241,11242,11243,11244,11247,11248,11251,11252,11253,11254,11255,11258,11259,11260,11262,11263,11264,11265,11266,11268,11270,11275,11280,11281,11282,11283,11284,11286
890,11287,11288,11293,11297,11299
891,11301,11302,11306,11307,11308,11311,11312,11315
892,11317
893,11318
894,11319,11320,11321,11322
895,11323,11324,11325,11329,11331,11332,11335,11340,11341,11342,11343
896,11346,11347,11348,11349,11351,11352,11354,11355,11356,11358,11359,11360,11361,11362,11363,11364,11365,11366,11367,11368
897,11369,11378,11380,11381,11385,11389,11397,11399,11400,11409,11410,11414,11417,11418,11421,11423,11424,11425,11426,11427,11429,11430
898,11431,11441
899,11445,11446
900,11461
901,11462
902,11463,11465
903,11467,11468,11469,11474,11476,11477,11480,11481,11484,11485,11486,11487,11488
904,11490,11491,11492,11493,11494,11495,11496,11497,11498,11501,11502,11504,11506,11507,11508,11510,11511
905,11513,11515
906,11575,11578,11584,11585
907,11589,11590,11591,11592,11593,11594,11595,11596,11597,11598,11600,11602,11603,11604
908,11605
909,11606
910,11607,11608,11610
911,11611
912,11634,11640,11641
913,11657,11659,11660,11661,11662,11663,11664,11665,11666,11667,11668,11670,11671,11672,11673,11675,11676,11677,11678,11679,11681,11682,11684,11685,11686,11688,11689,11690,11691,11692,11693,11694,11695,11696,11697,11698,11699,11700,11701,11702,11703,11704,11705,11706,11707,11708,11709,11710,11711,11712,11713,11714,11715,11716,11718
914,11719,11720,11722,11724,11727,11728,11729,11730,11732
915,11733,11736,11737,11738,11740,11741,11743,11744,11746,11748
916,11749
917,11750
918,11751,11752,11754
919,11755,11758,11759,11763,11768,11772,11776,11777
920,11778,11781,11794,11795,11798
921,11801,11803,11804,11809,11813,11814,11825,11833,11834,11837,11841
922,11863,11865,11869,11873,11874,11876
923,11877,11878,11879,11880,11881,11882,11883,11885,11886,11887,11888,11889,11890,11891,11892
924,11893
925,11894
926,11895
927,11899,11904,11905,11917,11918
928,11922,11924,11926,11927,11928,11930,11932,11933,11935,11936,11937,11938,11940,11941
929,11945,11947,11950,11951,11955,11959,11965,11967,11970,11971,11973,11975,11976,11977,11978,11979,11986,11993,11998,12000
930,12007,12008,12012,12017
931,12021,12024,12029,12032,12033
932,12037
933,12038
934,12039,12040,12041,12042
935,12043,12044,12045,12046,12047,12048,12049,12050,12051,12054,12055,12056,12057,12059,12060,12061,12062,12063,12064,12065
936,12066,12068,12077,12078,12079,12082,12083,12084,12087
937,12089,12091,12093,12096,12109,12111,12116,12118,12122,12125,12127,12136,12141,12142,12148,12150
938,12151,12152,12157,12158,12163,12164
939,12165,12178
940,12181
941,12182
942,12183,12184,12185,12186
943,12187,12188,12190,12191,12192,12193,12194,12195,12196,12197,12198,12199,12200,12201,12202,12203,12204,12206,12207,12208,12209
944,12210,12215,12225,12229
945,12233,12248,12255,12282
946,12295,12296,12299,12300
947,12309,12310,12311,12312,12313,12314,12315,12316,12317,12318,12319,12320,12321,12322,12323,12324
948,12325
949,12326
950,12327,12328,12329
951,12331,12332,12334,12338,12339,12340,12342,12348,12350,12352
952,12354,12358,12360,12369,12372,12375
953,12377,12378,12379,12382,12383,12387,12388,12389,12390,12392,12394,12397,12401,12403,12405,12407,12408,12410,12412,12414,12418,12421,12423,12428,12430,12431,12434,12437
954,12439,12443,12450,12452
955,12453,12455,12456,12457,12458,12459,12460,12461,12462,12463,12464,12465,12466,12467,12468
956,12469
957,12470
958,12471,12472
959,12475,12477,12478,12480,12481,12482,12483,12484,12487,12489,12491,12492,12493,12494,12497
960,12498,12499,12500,12501,12502,12503,12504,12505,12506,12508,12512,12514,12515,12516,12518,12519
961,12521,12523,12525,12526,12528,12530,12536,12538,12540,12541,12542,12543,12545,12547,12550,12552,12555,12556,12558,12559,12560,12561,12562,12564,12568,12569,12573,12574,12575,12577,12579
962,12583,12593
963,12597,12598,12599,12600,12601,12602,12603,12604,12605,12606,12607,12608,12609,12610,12611,12612
964,12613
965,12614
966,12615,12617,12618
967,12619,12621,12622,12625,12627,12630,12632,12634,12638,12639,12640,12641
968,12642,12644,12645,12646,12648,12649,12652,12653,12654,12656,12658
969,12665,12666,12671,12672,12674,12677,12679,12685,12687,12688,12689,12691,12692,12693,12695,12696,12699,12700,12701,12707,12709,12710,12721,12725,12726
970,12727,12731,12735,12740
971,12741,12743,12748,12750,12753,12754
972,12757
973,12758
974,12759,12760,12761
975,12763,12764,12765,12766,12767,12768,12769,12770,12771,12772,12773,12774,12775,12776,12777,12778,12779,12780,12781,12782,12783,12784,12785
976,12786,12793,12796,12797,12800,12803,12806,12808
977,12809,12810,12811,12813,12814,12815,12816,12817,12818,12819,12822,12823,12824,12825,12826,12827,12829,12831,12832,12833,12834,12835,12836,12837,12838,12839,12840,12841,12842,12843,12844,12845,12846,12847,12849,12850,12853,12856,12857,12858,12859,12861,12865,12866,12867,12868,12869,12870
978,12871,12874,12878,12879,12882,12883
979,12885,12886,12887,12888,12890,12891,12892,12893,12894,12895,12896,12897,12898,12899,12900
980,12901
981,12902
982,12903,12904,12906
983,12907,12908,12909,12910,12911,12912,12914,12915,12917,12918,12922,12923,12924,12925,12926,12927,12928,12929
984,12930,12944,12946
985,12953,12965,12980,12988,13012
986,13015,13016,13017,13018,13019,13020,13021,13022,13023,13024,13025,13026,13027,13028
987,13029,13031,13032,13033,13034,13035,13036,13037,13039,13040,13041,13043,13044
988,13045
989,13046
990,13047,13048,13050
991,13051,13065,13070
992,13074,13077,13078,13079,13082,13083,13085,13086,13087,13090,13091,13092,13093,13094,13095,13096
993,13097,13098,13099,13100,13101,13102,13103,13104,13105,13106,13107,13108,13109,13111,13112,13114,13115,13116,13117,13118,13119,13121,13122,13123,13125,13126,13127,13128,13129,13130,13131,13132,13133,13134,13135,13136,13137,13138,13139,13140,13141,13142,13143,13144,13145,13146,13147,13148,13149,13150,13151,13152,13153,13154,13155,13156,13158
994,13159,13160,13162,13168,13169,13170,13171
995,13173,13174,13177,13181
996,13189
997,13190
998,13191,13192,13194
999,13195,13203,13211,13214
1000,13218,13220,13221,13224,13227,13232,13236,13238,13240
1001,13241,13242,13243,13245,13246,13248,13249,13251,13252,13255,13257,13258,13259,13260,13261,13262,13264,13265,13266,13267,13268,13269,13271,13275,13278,13279,13280,13281,13282,13283,13284,13285,13286,13287,13288,13291,13292,13293,13294,13295,13296,13297,13298,13299,13300,13301,13302
1002,13303,13304,13305,13306,13309,13310,13312,13313,13314,13315
1003,13317,13318,13319,13320,13321,13323,13324,13325,13326,13327,13329,13331,13332
1004,13333
1005,13334
1006,13335,13337,13338
1007,13339,13354,13358
1008,13362,13363,13364,13367,13368,13371,13373,13379,13380,13382
1009,13385,13386,13388,13390,13391,13392,13396,13398,13399,13400,13403,13404,13405,13406,13407,13408,13409,13412,13416,13420,13421,13423,13430,13433,13434,13435,13437,13438,13439,13440,13442,13443,13444,13445,13446
1010,13447,13448
1011,13461,13462,13463,13464,13465,13466,13467,13468,13469,13470,13471,13472,13473,13474,13475,13476
1012,13477
1013,13478
1014,13479,13482
1015,13483,13484,13487,13490,13494,13495,13496,13500,13504
1016,13506,13507,13508,13509,13511,13512,13513,13514,13515,13516,13517,13518,13519,13521,13522,13523,13524,13525,13526,13527,13528
1017,13529,13530,13531,13532,13533,13534,13535,13536,13537,13538,13539,13540,13542,13543,13544,13545,13546,13547,13548,13549,13550,13551,13552,13553,13554,13555,13556,13557,13558,13559,13560,13561,13562,13563,13564,13565,13566,13567,13568,13569,13570,13571,13572,13573,13574,13575,13576,13577,13578,13579,13580,13581,13582,13583,13584,13585,13586,13587,13588,13589,13590
1018,13591,13593,13595,13597,13598,13600,13601,13602,13603,13604
1019,13605,13607,13608,13609,13610,13611,13612,13613,13615,13616,13617,13619,13620
1020,13621
1021,13622
1022,13623,13624,13626
1023,13627,13635,13646
1024,13650,13652,13653,13654,13657,13659,13660,13661,13663,13665,13666,13667,13669,13670,13671
1025,13673,13679,13680,13683,13684,13685,13690,13692,13694,13699,13701,13702,13704,13706,13707,13708,13710,13711,13713,13715,13719,13721,13722,13723,13725,13728,13729,13731
1026,13735,13736,13738,13740,13741,13742,13744,13745,13746,13747
1027,13749,13750,13752,13763,13764
1028,13765
1029,13766
1030,13767,13768,13769
1031,13771,13772,13773,13774,13775,13776,13778,13779,13782,13783,13784,13785,13786,13787,13791,13793
1032,13794,13796,13797,13798,13801,13802,13803,13804,13805,13807,13808,13809,13810,13811,13812,13813,13814,13815,13816
1033,13817,13818,13819,13820,13821,13823,13825,13826,13827,13829,13830,13832,13833,13836,13839,13841,13845,13846,13848,13850,13852,13853,13854,13856,13858,13859,13864,13865,13866,13867,13868,13870,13871,13873,13876
1034,13879,13880,13881,13882,13883,13884,13885,13886,13887,13888,13889,13890,13891,13892
1035,13893,13894,13899,13903,13904
1036,13909
1037,13910
1038,13911,13912,13913,13914
1039,13915,13916,13917,13918,13919,13920,13921,13922,13923,13924,13925,13926,13927,13928,13929,13930,13931,13932,13933,13934,13935,13936,13937
1040,13938,13957,13960
1041,13961,13962,13963,13966,13967,13970,13973,13975,13978,13985,13986,13999,14009,14010,14014,14016,14020
1042,14023,14024,14025,14026,14027,14029,14030,14031,14032,14033,14035,14036
1043,14037,14044
1044,14053
1045,14054
1046,14055
1047,14059,14061,14068
1048,14082,14083,14085,14086,14087,14088,14089,14090,14091,14092,14093,14094,14095,14096,14098,14099,14100,14101,14102,14103,14104
1049,14105,14107,14108,14109,14110,14112,14113,14114,14116,14117,14119,14121,14122,14124,14125,14126,14127,14129,14130,14131,14132,14134,14136,14137,14138,14139,14140,14141,14142,14143,14145,14146,14148,14149,14150,14151,14152,14153,14154,14157,14158,14159,14160,14161,14162,14164,14165,14166
1050,14167,14168,14171,14172,14176,14177,14178
1051,14181,14185
1052,14197
1053,14198
1054,14199,14202
1055,14203,14213
1056,14226,14227,14228,14229,14230,14231,14232,14233,14234,14235,14236,14237,14238,14239,14240,14241,14242,14243,14244,14245,14247,14248
1057,14249,14251,14252,14254,14256,14257,14260,14262,14263,14264,14266,14267,14271,14272,14278,14279,14281,14282,14283,14284,14285,14287,14288,14289,14290,14291,14292,14293,14294,14295,14296,14298,14302,14303,14304,14306
1058,14311,14312,14313,14314,14315,14316,14318,14320,14322
1059,14325,14326,14327,14328,14329,14330,14331,14332,14333,14334,14335,14336,14337,14338,14339,14340
1060,14341
1061,14342
1062,14343,14344,14345,14346
1063,14347,14348,14349,14350,14351,14352,14353,14354,14355,14356,14357,14358,14359,14360,14361,14362,14363,14364,14365,14366,14367,14368,14369
1064,14370,14371,14373,14374,14375,14379,14380,14381,14383,14384,14385,14386,14387,14388,14389,14391
1065,14393,14394,14396,14398,14399,14400,14410,14411,14415,14416,14419,14420,14422,14423,14425,14426,14427,14428,14430,14434,14435,14439,14440,14441,14445,14446,14453,14454
1066,14455,14456,14457,14458,14460,14461,14462,14463,14464,14465,14466,14467,14468
1067,14469,14473,14475,14479,14480,14481
1068,14485
1069,14486
1070,14487,14488,14490
1071,14491,14493,14494,14495,14509,14512
1072,14514,14515,14516,14517,14519,14521,14522,14523,14525,14526,14529,14531,14532,14533,14535,14536
1073,14537,14544,14550,14551,14553,14557,14558,14568,14569,14571,14572,14575,14580,14581
1074,14599,14604,14609,14612
1075,14613,14614,14615,14616,14617,14618,14619,14620,14621,14622,14623,14624,14625,14626,14627,14628
1076,14629
1077,14630
1078,14631,14632,14633,14634
1079,14635,14638,14640,14643,14645,14656
1080,14658,14661
1081,14681,14682,14684,14685,14687,14688,14691,14692,14693,14694,14696,14697,14700,14702,14703,14704,14710,14711,14712,14713,14714,14715,14718,14719,14721,14722,14723,14724,14729,14731,14733,14734,14735,14736,14737,14738,14739,14740,14741,14742
1082,14743,14749
1083,14757,14758,14759,14760,14761,14762,14763,14764,14765,14766,14767,14769,14770,14771,14772
1084,14773
1085,14774
1086,14775,14776,14778
1087,14779,14784,14801
1088,14802,14808
1089,14825,14826,14831,14838,14842,14844,14846,14847,14853,14855,14856,14864,14867,14871,14874,14879,14884
1090,14887,14888,14890,14897,14898
1091,14901,14904,14908
1092,14917
1093,14918
1094,14919
1095,14923,14925,14926,14927,14929,14933,14934,14936,14937,14938,14939,14940,14941,14942,14944,14945
1096,14946,14948,14950,14954,14955,14956,14957,14959,14962,14963,14966,14967
1097,14969,14970,14972,14973,14974,14975,14976,14979,14981,14982,14985,14986,14987,14991,14993,14994,14996,15001,15005,15006,15008,15009,15011,15013,15015,15022,15023,15024,15025,15027,15029
1098,15031,15033,15038,15039
1099,15045,15046,15048,15049,15050,15052,15053,15054,15055,15056,15058,15059,15060
1100,15061
1101,15062
1102,15063,15064,15065
1103,15067,15069,15078,15080
1104,15090,15092,15093,15094,15095,15097,15098,15099,15100,15101,15102,15103,15104,15105,15106,15107,15109,15110,15111,15112
1105,15113,15115,15117,15118,15119,15120,15126,15127,15129,15133,15137,15138,15140,15155,15156,15157,15158,15159,15160,15163,15170
1106,15175,15179,15181,15183,15184,15187,15188
1107,15189,15190,15191,15193,15196,15197,15198,15199,15200
1108,15205
1109,15206
1110,15207,15210
1111,15211,15212,15213,15214,15216,15217,15218,15219,15221,15222,15223,15224,15226,15228,15229,15230,15231,15232,15233
1112,15234,15241,15246,15250
1113,15257,15258,15259,15260,15261,15262,15263,15264,15266,15267,15268,15270,15271,15272,15273,15274,15275,15276,15277,15279,15280,15281,15282,15283,15284,15285,15287,15288,15289,15290,15291,15293,15294,15295,15296,15297,15298,15300,15301,15302,15303,15304,15306,15308,15309,15310,15311,15312,15313,15314,15315,15316,15317
1114,15319,15320,15323,15326,15327,15329,15330,15331,15332
1115,15333,15338
1116,15349
1117,15350
1118,15351,15352,15353
1119,15355,15356,15357,15359,15360,15365,15366,15367,15369,15370,15371,15372,15373,15374,15375,15376
1120,15378,15380,15382,15386,15387,15395,15396,15399,15400
1121,15401,15409,15410,15419,15430,15435,15447
1122,15463,15465,15469,15472
1123,15477,15480,15488
1124,15493
1125,15494
1126,15495,15496,15497,15498
1127,15499,15500,15501,15502,15503,15504,15505,15506,15507,15508,15509,15510,15511,15512,15513,15514,15515,15516,15517,15519,15520,15521
1128,15522,15523,15524,15527,15529,15530,15531,15532,15533,15534,15535,15536,15537,15539,15540,15541,15542,15543
1129,15545,15546,15547,15549,15550,15552,15553,15554,15556,15557,15558,15559,15560,15561,15562,15564,15565,15566,15567,15568,15569,15570,15571,15572,15573,15574,15575,15576,15577,15578,15579,15580,15581,15582,15583,15584,15585,15586,15587,15588,15590,15592,15594,15595,15597,15599,15601,15602,15603,15606
1130,15607,15608,15609,15610,15611,15614,15615,15617,15619
1131,15621,15622,15626,15629,15631,15632,15633,15635
1132,15637
1133,15638
1134,15639,15641
1135,15643,15644,15645,15646,15647,15648,15649,15651,15652,15653,15655,15656,15657,15659,15660,15661,15662,15663,15664,15665
1136,15666,15669,15672,15674,15680,15688
1137,15689,15690,15691,15692,15702,15705,15706,15709,15710,15713,15715,15718,15719,15720,15726,15729,15730,15731,15733,15735,15736,15739,15742,15743,15744,15746,15749,15750
1138,15751,15752,15753,15754,15756,15757,15759,15760,15761,15762
1139,15765,15766,15767,15769,15772,15775,15776,15778,15780
1140,15781
1141,15782
1142,15783,15784,15786
1143,15787,15788,15789,15790,15791,15792,15793,15794,15795,15796,15797,15798,15799,15800,15801,15803,15804,15805,15806,15807,15808
1144,15810,15811,15814,15815,15816,15819,15821,15822,15824,15826,15827,15828,15832
1145,15833,15835,15836,15837,15839,15840,15843,15844,15846,15847,15848,15849,15850,15852,15853,15854,15855,15857,15858,15859,15862,15867,15869,15871,15873,15874,15875,15876,15877,15879,15880,15881,15882,15883,15886,15887,15889,15890
1146,15895,15898,15902,15904,15906,15908
1147,15909,15910,15911,15912,15913,15914,15915,15916,15917,15918,15919,15920,15921,15922,15923,15924
1148,15925
1149,15926
1150,15927,15928,15929,15930
1151,15931,15933,15935,15936,15941,15943,15945,15949,15951,15952
1152,15954,15955,15956,15957,15958,15959,15961,15963,15964,15967,15970,15971,15972,15974
1153,15977,15986,15994,16002,16005,16008,16015,16023,16028,16032,16035
1154,16039,16040,16041,16042,16045,16046,16047,16048,16049,16050,16051,16052
1155,16053,16054,16055,16056,16057,16058,16059,16060,16061,16062,16063,16064,16067,16068
1156,16069
1157,16070
1158,16071,16072,16074
1159,16075,16076,16077,16078,16079,16080,16082,16083,16084,16087,16088,16091,16092,16093,16094,16095,16096
1160,16098,16099,16100,16101,16102,16103,16104,16105,16107,16108,16110,16111,16112,16113,16114,16115,16116,16117,16118,16119,16120
1161,16121,16128,16157,16174
1162,16183,16185,16186,16187,16190,16191,16194
1163,16197,16199,16201,16205,16211
1164,16213
1165,16214
1166,16215,16216,16218
1167,16219,16221,16224,16225,16227,16228,16230,16231,16232,16233,16234,16236,16239,16240,16241
1168,16242,16244,16245,16248,16249,16252,16256,16257,16260,16263,16264
1169,16265,16300
1170,16327,16333,16335,16339
1171,16341,16342,16345,16346,16348,16349,16351,16352,16354,16355,16356
1172,16357
1173,16358
1174,16359,16361
1175,16363,16364,16365,16366,16367,16368,16369,16370,16371,16372,16373,16374,16375,16377,16378,16379,16381,16382
1176,16386,16392,16396,16398
1177,16409,16412,16415,16416,16418,16419,16420,16422,16423,16424,16426,16428,16429,16430,16431,16433,16434,16435,16436,16442,16444,16446,16448,16449,16450,16451,16452,16453,16454,16455,16456,16457,16458,16459,16460,16461,16462,16463,16464,16465,16466,16467,16470
1178,16471,16472,16477,16478,16482
1179,16485,16488,16489,16490,16491,16493,16494,16495,16496,16498,16500
1180,16501
1181,16502
1182,16503,16504,16506
1183,16507,16509,16514,16516,16518,16521,16522,16525,16527,16528
1184,16530,16531,16532,16534,16535,16536,16538,16539,16540,16542,16543,16544,16545,16546,16547,16548,16549,16550,16551,16552
1185,16553,16554,16555,16556,16557,16558,16559,16560,16562,16563,16564,16566,16567,16568,16571,16573,16574,16575,16576,16577,16578,16579,16581,16585,16586,16589,16592,16593,16594,16595,16596,16599,16600,16601,16603,16605,16606,16608,16609,16611,16612,16613
1186,16615,16616,16617,16618,16619,16620,16622,16623,16624,16625,16626,16627
1187,16629,16630,16631,16635,16636,16637,16638,16640,16641,16643,16644
1188,16645
1189,16646
1190,16647,16648,16649,16650
1191,16651,16654,16655,16658,16662,16663,16666,16667,16668,16669,16670,16671,16673
1192,16674,16675,16679,16681,16684,16685,16687,16688,16690,16692,16694,16695
1193,16697,16702,16710,16712,16716,16728,16741,16744,16754,16758
1194,16759,16763,16767
1195,16773,16774,16775,16776,16777,16778,16779,16783,16784,16785,16786
1196,16789
1197,16790
1198,16791,16792,16793,16794
1199,16795,16796,16797,16798,16799,16800,16801,16802,16804,16805,16806,16807,16808,16809,16810,16811,16812,16813,16814
1200,16818,16823,16826,16827,16828,16834,16835,16836,16837,16840
1201,16841,16842,16843,16847,16848,16850,16853,16855,16856,16859,16860,16861,16862,16863,16865,16867,16868,16872,16873,16874,16875,16877,16878,16879,16881,16882,16883,16884,16886,16887,16892,16893,16894,16895,16899
1202,16903,16907,16908,16909,16910,16912,16915
1203,16917,16921,16923
1204,16933
1205,16934
1206,16935
1207,16939,16940,16942,16946,16956
1208,16962,16963,16964,16967,16968,16969,16970,16971,16972,16975,16979,16980,16982,16983,16984
1209,16985,16990,17005,17006,17011,17012,17016,17025,17026,17029,17036,17037,17040,17042
1210,17047,17050,17060
1211,17061,17063,17065,17066,17068,17069,17076
1212,17077
1213,17078
1214,17079,17081
1215,17083,17084,17085,17086,17087,17088,17089,17090,17091,17092,17094,17095,17096,17097,17098,17099,17100,17101,17102,17103,17104,17105
1216,17106,17107,17117,17118,17120,17121,17122,17124,17128
1217,17129,17130,17133,17134,17136,17137,17138,17139,17140,17141,17142,17143,17146,17147,17148,17149,17151,17152,17154,17156,17157,17161,17162,17164,17166,17168,17170,17171,17172,17173,17174,17177,17178,17179,17182,17184,17186,17187,17188,17189,17190
1218,17191,17192,17193,17194,17195,17196,17197,17199,17201,17202,17204
1219,17205,17206,17209,17210,17211,17212,17213,17214,17217,17218,17220
1220,17221
1221,17222
1222,17223,17226
1223,17227,17228,17229,17230,17231,17232,17233,17238,17242,17243,17246,17247,17248
1224,17250,17254,17256,17258,17259,17260,17262,17266,17270,17271,17272
1225,17273,17281,17285,17286,17289,17293,17305,17306,17309,17316,17324,17325,17332
1226,17335,17336,17337,17338,17339,17340,17341,17342,17344,17345,17346,17347,17348
1227,17349,17351,17353,17359,17360,17364
1228,17365
1229,17366
1230,17367,17368,17370
1231,17371,17372,17374,17375,17376,17378,17380,17381,17383,17384,17385,17386,17387,17388,17389,17390,17392,17393
1232,17394,17395,17396,17397,17398,17399,17400,17401,17402,17403,17404,17405,17406,17407,17408,17409,17410,17411,17412,17413,17414,17415,17416
1233,17417,17418,17419,17421,17422,17423,17425,17426,17427,17428,17429,17430,17431,17432,17433,17434,17435,17436,17437,17438,17439,17440,17441,17443,17445,17446,17448,17449,17450,17451,17452,17453,17454,17455,17456,17458,17459,17460,17461,17462,17463,17464,17465,17466,17467,17468,17469,17470,17473,17474,17475,17476,17477,17478
1234,17479,17480,17481,17482,17484,17485,17486,17487,17488,17489,17490,17491
1235,17493,17495,17496,17498,17499,17503,17504
1236,17509
1237,17510
1238,17511,17514
1239,17515,17516,17517,17518,17519,17520,17521,17523,17524,17527,17528,17529,17530,17531,17532,17533,17534,17535,17537
1240,17538,17543,17549,17550,17551,17553,17556
1241,17561,17574,17576,17580,17583,17596,17607,17617,17619,17620
1242,17623,17624,17625,17626,17627,17628,17629,17630,17631,17632,17633,17634,17635,17636
1243,17637,17638,17639,17640,17641,17642,17643,17647,17648,17649,17652
1244,17653
1245,17654
1246,17655,17656,17657,17658
1247,17659,17661,17662,17664,17666,17667,17670,17674,17676,17677,17678,17679,17680,17681
1248,17682,17683,17685,17686,17687,17692,17693,17699
1249,17705,17706,17707,17708,17709,17710,17711,17712,17713,17714,17715,17716,17717,17718,17719,17720,17721,17722,17723,17724,17726,17727,17729,17730,17731,17732,17733,17734,17736,17737,17738,17739,17740,17741,17742,17743,17744,17745,17746,17747,17748,17749,17750,17751,17752,17753,17754,17755,17756,17757,17758,17759,17761,17762,17763,17764,17765,17766
1250,17767,17768,17769,17770,17773,17775,17776,17777,17778,17779,17780
1251,17781,17784,17796
1252,17797
1253,17798
1254,17799,17800,17801
1255,17803,17804,17806,17807,17808,17809,17810,17811,17812,17813,17814,17815,17816,17817,17818,17819,17820,17821,17822,17824,17825
1256,17826,17830,17836,17848
1257,17849,17850,17852,17853,17855,17858,17860,17861,17862,17863,17864,17865,17867,17868,17869,17870,17871,17873,17874,17875,17876,17878,17881,17883,17885,17888,17891,17892,17893,17894,17895,17897,17900,17902,17903,17905,17906,17907,17909,17910
1258,17911,17912,17913,17914,17916,17917,17918,17919,17920,17922,17923,17924
1259,17925,17926,17927,17928,17929,17930,17931,17932,17933,17934,17936,17938,17939
1260,17941
1261,17942
1262,17943,17944,17945,17946
1263,17947,17950,17951,17952,17958,17959,17960,17962,17963,17966
1264,17970,17971,17972,17973,17974,17975,17976,17978,17979,17980,17982,17983,17984,17985,17986,17987,17988,17989,17990,17991,17992
1265,17993,17994,17995,17996,17997,17998,18000,18001,18002,18005,18007,18008,18009,18010,18012,18013,18014,18015,18016,18018,18019,18020,18021,18022,18023,18024,18025,18026,18027,18028,18029,18032,18033,18034,18037,18039,18041,18042,18043,18045,18048,18051,18052,18053,18054
1266,18055,18057,18058,18059,18060,18062,18065
1267,18069,18071,18076,18077,18078,18080,18081
1268,18085
1269,18086
1270,18087,18088,18089
1271,18091,18092,18094,18098,18099,18101,18102,18105,18108,18110,18111
1272,18114,18117,18123,18126,18129,18130,18131,18134,18135
1273,18137,18139,18140,18141,18143,18145,18146,18147,18148,18149,18150,18151,18152,18153,18156,18157,18158,18159,18160,18161,18163,18165,18168,18169,18170,18171,18172,18173,18176,18177,18178,18179,18180,18181,18182,18183,18184,18185,18187,18188,18189,18190,18191,18192,18193,18195,18196,18197,18198
1274,18199,18200,18201,18212
1275,18213,18214,18215,18219,18220,18222,18226
